{
 "chain_iptm": [
  0.36,
  0.36,
  0.29,
  0.29,
  0.38,
  0.37,
  0.2,
  0.21
 ],
 "chain_pair_iptm": [
  [
   0.58,
   0.38,
   0.48,
   0.29,
   0.54,
   0.41,
   0.19,
   0.24
  ],
  [
   0.38,
   0.58,
   0.29,
   0.47,
   0.41,
   0.52,
   0.23,
   0.18
  ],
  [
   0.48,
   0.29,
   0.59,
   0.17,
   0.43,
   0.31,
   0.14,
   0.22
  ],
  [
   0.29,
   0.47,
   0.17,
   0.59,
   0.32,
   0.41,
   0.21,
   0.15
  ],
  [
   0.54,
   0.41,
   0.43,
   0.32,
   0.65,
   0.38,
   0.18,
   0.41
  ],
  [
   0.41,
   0.52,
   0.31,
   0.41,
   0.38,
   0.65,
   0.37,
   0.18
  ],
  [
   0.19,
   0.23,
   0.14,
   0.21,
   0.18,
   0.37,
   0.14,
   0.08
  ],
  [
   0.24,
   0.18,
   0.22,
   0.15,
   0.41,
   0.18,
   0.08,
   0.18
  ]
 ],
 "chain_pair_pae_min": [
  [
   0.76,
   8.93,
   4.31,
   9.68,
   4.81,
   7.17,
   17.03,
   12.27
  ],
  [
   8.9,
   0.76,
   9.36,
   4.58,
   6.91,
   4.9,
   13.28,
   15.83
  ],
  [
   6.03,
   13.06,
   0.76,
   11.94,
   6.18,
   11.07,
   21.23,
   16.18
  ],
  [
   13.61,
   6.53,
   12.05,
   0.76,
   10.84,
   6.93,
   17.61,
   21.36
  ],
  [
   4.51,
   7.47,
   4.72,
   9.09,
   0.76,
   9.36,
   19.4,
   10.01
  ],
  [
   7.43,
   4.63,
   9.08,
   5.54,
   9.66,
   0.76,
   11.92,
   18.89
  ],
  [
   16.4,
   14.81,
   21.03,
   16.51,
   19.6,
   9.24,
   0.76,
   22.92
  ],
  [
   13.53,
   15.96,
   15.63,
   20.18,
   7.98,
   18.91,
   22.91,
   0.76
  ]
 ],
 "chain_ptm": [
  0.58,
  0.58,
  0.59,
  0.59,
  0.65,
  0.65,
  0.14,
  0.18
 ],
 "fraction_disordered": 0.28,
 "has_clash": 0.0,
 "iptm": 0.45,
 "num_recycles": 10.0,
 "ptm": 0.5,
 "ranking_score": 0.6
}